a<-c(1,3,4,5)
b<-c(0,10,11,12)